[
[ 0.0628,  0.820171,  0.064962,  0.811279],
[ 0.06244,  0.831499,  0.064314,  0.822121],
[ 0.06244,  0.842962,  0.064343,  0.8339],
[ 0.06213,  0.84863,  0.063895,  0.840267],
[ 0.0616,  0.848985,  0.063933,  0.840893],
[ 0.06164,  0.850989,  0.064029,  0.842826],
[ 0.06157,  0.853625,  0.063667,  0.846211],
[ 0.06182,  0.856527,  0.063752,  0.850411],
[ 0.06164,  0.856983,  0.063571,  0.85089],
[ 0.06157,  0.860585,  0.06341,  0.853854],
[0.06155, 0.863456, 0.0634, 0.858028],
[0.06137, 0.864886, 0.063324, 0.860163],
[0.0612, 0.865086, 0.063162, 0.860529],
[0.06135, 0.865767, 0.063067, 0.861396],
[0.06124, 0.866628, 0.06279, 0.862434],
[0.0612, 0.866872, 0.062752, 0.863035],
[0.06108, 0.867655, 0.062695, 0.863599],
[0.06093, 0.867965, 0.062695, 0.864015],
[0.06104, 0.868453, 0.06259, 0.864879],
[0.06095, 0.86875, 0.062543, 0.865641],
[0.06091, 0.868882, 0.062543, 0.865895],
[0.06095, 0.869158, 0.062552, 0.866287],
[0.06084, 0.869297, 0.062381, 0.86641],
[0.06095, 0.869619, 0.062362, 0.866952],
[0.0608, 0.869718, 0.062343, 0.867084],
[0.06086, 0.869943, 0.062352, 0.867457],
[0.06095, 0.87003, 0.062362, 0.867867],
[0.06102, 0.870297, 0.062333, 0.868068],
[0.06095, 0.870054, 0.062305, 0.868399],
[0.06108, 0.870209, 0.062267, 0.868753],
[0.06117, 0.870153, 0.0622, 0.86896],
[0.06117, 0.870236, 0.062095, 0.869171],
[0.06108, 0.870249, 0.062105, 0.869241],
[0.06102, 0.870211, 0.061895, 0.869535],
[0.06102, 0.870233, 0.061886, 0.869665],
[0.06093, 0.870261, 0.061886, 0.869769],
[0.06082, 0.870443, 0.061848, 0.869947],
[0.06077, 0.870439, 0.061829, 0.870017],
[0.06077, 0.870505, 0.061829, 0.870133],
[0.06086, 0.870567, 0.061705, 0.870328],
[0.06093, 0.870464, 0.061714, 0.870646],
[0.06086, 0.870447, 0.061771, 0.870942],
[0.06086, 0.870512, 0.061743, 0.871178],
[0.0608, 0.870523, 0.061705, 0.871415],
[0.06068, 0.870626, 0.061667, 0.871659],
[0.06062, 0.870768, 0.061638, 0.871871],
[0.06064, 0.870871, 0.0616, 0.872258],
[0.06066, 0.870851, 0.061648, 0.872639],
[0.06064, 0.870894, 0.06159, 0.872875],
[0.06053, 0.870829, 0.06161, 0.873127]
]